15.8 0.0
15.31125638696369 3.8994137832068567
13.884698436299974 7.5402353632369525
11.621081560382322 10.704693520458305
8.669299797189083 13.209210461888224
5.215756217647776 14.914284665315618
1.4719444420098682 15.731286646668043
-2.3389153197572567 15.625923176791982
-5.995337883652838 14.61834202845306
-9.29033193508892 12.780052133534785
-12.042747823595613 10.228011774400887
-14.106633768954753 7.116381363346504
-15.378172722800908 3.6265415629359747
-15.799938842572239 -0.04396101656087125
-15.36238221428233 -3.6928596916619916
-14.10261295055773 -7.124346143104043
-12.100702272467263 -10.15938012445177
-9.473841572384924 -12.644616477432253
-6.368795646219982 -14.459545014165881
-2.953150257251267 -15.521562535972233
0.5941140156300436 -15.78882606581097
4.092189146746061 -15.260864588458077
7.367643850996902 -13.977046329066365
10.262812990978151 -12.013104074809728
12.642993168950346 -9.47600779494587
14.402152246309567 -6.4975388166689925
15.466955727693879 -3.226961499236951
15.7990108574401 0.17679345714670433
15.395324597069546 3.5530241416102744
14.287059717809704 6.746845531041845
12.536750208128186 9.616126778438286
10.234200159290664 12.037489235699235
7.49133734291219 13.911141750937961
4.43632291394235 15.16440038390012
1.2072320744522358 15.753811942460585
-2.0543820335915126 15.665871008662634
-5.209745922726596 14.916385199525843
-8.128678856080779 13.548600667770282
-10.694734580722706 11.630247299515775
-12.809491062288178 9.249699385664345
-14.395858137777921 6.511472066819703
-15.400325172120967 3.5312865350941633
-15.79412207605202 0.43093833290422245
-15.57331519967502 -2.6668058968682105
-14.757902805990359 -5.643075825198698
-13.390011612821608 -8.387346958872184
-11.531325265360056 -10.801321105516159
-9.259896992763018 -12.802121218119225
-6.666511949334826 -14.324720535821147
-3.8507700545536183 -15.32356257490252
-0.917058058784134 -15.773363766705538
2.029429132924013 -15.669123057607255
4.88647215617528 -15.025391504613903
7.5582889795833585 -13.874879015728705
9.958569970661216 -12.26649437041589
12.013005605194754 -10.26292825316242
13.661251317022277 -7.937897231204061
14.858298970267045 -5.373169614869914
15.575248324670175 -2.655492350743811
15.7994938482055 0.12646794264398858
15.53436166335198 2.885066327171752
14.79824781755825 5.536412333825263
13.623322136813394 8.00281787601156
12.053871507518592 10.214899983858455
10.144362537962678 12.113294708640561
7.957306309266172 13.649955175769364
5.561007579415329 14.789022777103472
3.02727768342221 15.507275383749844
0.42918487289532065 15.794169821325776
-2.161091603367561 15.651507374111103
-4.6742463018249625 15.092760566240878
-7.045623844239581 14.142106796566157
-9.216749741858454 12.833219556913694
-11.136589590299975 11.207870997527687
-12.762520937733262 9.31440064169027
-14.061012098337361 7.206104271408399
-15.008011358128469 4.9395946265140935
-15.589058190920946 2.5731818280254832
-15.799135116078908 0.16531661707884315
-15.64228459033945 -2.22686613760886
-15.131019789109567 -4.548872403307737
-14.285561301245167 -6.750017652448508
-13.132933679630792 -8.78442103763357
-11.705956536684745 -10.611813302223503
-10.042164555636715 -12.198152771527075
-8.182689532128089 -13.516049423585333
-6.1711355073431005 -14.545002115847534
-4.052475352067923 -15.271458460830846
-1.8719939612614152 -15.688710546408865
0.3257003317375033 -15.796642658929336
2.4975782733154235 -15.60134938935292
4.602992134362555 -15.114644005433817
6.604367883874949 -14.353477796493824
8.467780565909377 -13.339291296302344
10.163409806829954 -12.09731792995591
11.66587554431568 -10.655859786264896
12.954456894859 -9.045553966410246
14.01319952692957 -7.298646382615128
14.830918961866951 -5.448288056494017
15.40110887663082 -3.5278669717215023
15.721764736374746 -1.5703864410021922
15.795133955212837 0.39210118194481863
15.627404293699195 2.32899872075361
15.228342381256827 4.211601633490178
14.610894135809943 6.013465935062295
13.790758479217928 7.710705581714221
12.785945155623631 9.282219911065704
11.616326690840635 10.709853136792471
10.303193624083324 11.97848910107818
8.868821136723946 13.076085486291323
7.336054131965659 13.993652481495657
5.727916716956797 14.725181495778138
4.067250934088398 15.267529919379792
2.3763885064352364 15.620268168840205
0.6768583250798355 15.785495329820034
-1.0108685689388404 15.76762964862923
-2.6675956541843506 15.573179939427169
-4.275579208508798 15.210503687641884
-5.818668876668409 14.689557260301973
-7.282411825688186 14.021643199036156
-8.654122311543066 13.219159088869933
-9.922918907432432 12.29535198180678
-11.079731976872676 11.264081823240861
-12.117284218924077 10.139596794637031
-13.030047274317893 8.936322959083387
-13.814177467245509 7.668670087012904
-14.467433775970585 6.350855055652385
-14.989081084471145 4.996743764007654
-15.379781675413295 3.6197120902941227
-15.641477790235115 2.232526044099297
-15.777267913072917 0.8472409333358518
-15.791279239403943 -0.5248809228483058
-15.68853857481524 -1.8734346496566672
-15.474843680863787 -3.188920358495994
-15.156636849540993 -4.462774855528348
-14.740882250693495 -5.687388721653335
-14.234948362479047 -6.856110057281396
-13.646496567460293 -7.963236241271163
-12.98337677949016 -9.003995080062836
-12.253530761715531 -9.974516723716052
-11.464903605798073 -10.871797703680768
-10.625363668265084 -11.693658406038391
-9.74263110267514 -12.43869523692847
-8.824214986496823 -13.106228667014964
-7.877358919342199 -13.696248262055558
-6.90899486421358 -14.209355719604966
-5.925704915188922 -14.646706840041068
-4.9336906027189755 -15.009953265638186
-3.9387492905053487 -15.301184726240765
-2.946257174682201 -15.522872435880986
-1.9611583655805576 -15.67781419283675
-0.9879595134609359 -15.769081647317387
-0.03072943101771071 -15.799970117125833
0.9068968340814555 -15.773951253009914
1.821710015086687 -15.69462878251451
2.7109152540536505 -15.565697494341176
3.5721178449126993 -15.390905564717634
4.403306570084689 -15.174020273146105
5.20283508074551 -14.918797107091573
5.969401740031386 -14.628952213542508
6.702028315924299 -14.308138119704775
7.400037876990272 -13.959922615083126
8.063032210191826 -13.587770662526253
8.690869046211924 -13.195029186083502
9.283639344572133 -12.784914568346256
9.841644858694838 -12.360502678909361
10.36537617026474 -11.92472124826857
10.855491353034477 -11.480344397455752
11.312795398786289 -11.029989132596631
11.738220512641576 -10.576113614962754
12.132807361385897 -10.12101702061113
12.497687336993906 -9.666840809010056
12.834065878107173 -9.215571226809828
13.143206874811902 -8.769042880833528
13.426418166634194 -8.328943223163144
13.685038130148687 -7.896817800631884
13.920423340894532 -7.474076130885924
14.133937284312424 -7.061998077252863
14.326940082048617 -6.661740604781065
14.50077919310153 -6.274344809851764
14.656781043797217 -5.900743125589065
14.79624353635429 -5.541766614798387
14.920429382717282 -5.1981522712735915
15.030560208286806 -4.870550258961024
15.127811369046324 -4.559531026602711
15.213307425272859 -4.265592243069852
15.288118215424321 -3.9891655056178195
15.353255474827034 -3.7306227797371454
15.409669945359513 -3.4902825351371933
15.458248924365256 -3.2684155476867365
15.499814203456237 -3.0652503418703456
15.535120350629557 -2.8809782525134415
15.56485329215442 -2.7157580882158556
15.589629153948293 -2.569720382136044
15.609993325605561 -2.4429712185267114
15.626419713833176 -2.3355956257721413
15.639310155755998 -2.2476605286535936
15.648993966352217 -2.1792172542158106
15.655727598146395 -2.1303035869653306
15.659694395205923 -2.100945370245549
15.661004427442883 -2.091157651544814
15.659694395205937 -2.100945370245438
15.655727598146395 -2.1303035869653306
15.648993966352194 -2.179217254215977
15.63931015575599 -2.247660528653649
15.626419713833188 -2.3355956257720303
15.609993325605561 -2.4429712185267114
15.589629153948277 -2.569720382136155
15.564853292154407 -2.7157580882159107
15.535120350629567 -2.880978252513386
15.499814203456229 -3.0652503418704002
15.458248924365211 -3.268415547686956
15.409669945359502 -3.490282535137247
15.353255474827034 -3.7306227797371454
15.288118215424308 -3.989165505617874
15.213307425272797 -4.265592243070069
15.127811369046293 -4.559531026602818
15.030560208286806 -4.870550258961024
14.920429382717263 -5.198152271273644
14.79624353635421 -5.541766614798596
14.656781043797174 -5.900743125589169
14.50077919310153 -6.274344809851764
14.32694008204857 -6.661740604781167
14.133937284312323 -7.0619980772530635
13.920423340894482 -7.474076130886022
13.685038130148687 -7.896817800631884
13.426418166634107 -8.328943223163288
13.14320687481178 -8.769042880833712
12.83406587810711 -9.215571226809917
12.497687336993836 -9.666840809010147
12.132807361385789 -10.12101702061126
11.738220512641352 -10.576113614963006
11.312795398786172 -11.029989132596752
10.855491353034438 -11.48034439745579
10.36537617026461 -11.92472124826868
9.84164485869462 -12.360502678909535
9.283639344571952 -12.784914568346387
8.690869046211876 -13.195029186083532
8.063032210191635 -13.587770662526365
7.400037876989974 -13.959922615083284
6.702028315924045 -14.308138119704896
5.969401740031179 -14.628952213542595
5.202835080745192 -14.918797107091683
4.403306570084366 -15.1740202731462
3.5721178449123716 -15.390905564717713
2.710915254053319 -15.565697494341237
1.821710015086352 -15.694628782514549
0.9068968340810633 -15.773951253009937
-0.030729431018159767 -15.799970117125833
-0.9879595134613841 -15.769081647317359
-1.9611583655811151 -15.67781419283668
-2.9462571746826973 -15.52287243588089
-3.938749290505784 -15.30118472624065
-4.933690602719508 -15.009953265638012
-5.925704915189441 -14.646706840040858
-6.908994864214186 -14.209355719604671
-7.877358919342881 -13.69624826205517
-8.824214986497385 -13.106228667014587
-9.742631102675716 -12.43869523692802
-10.625363668265665 -11.693658406037864
-11.464903605798536 -10.871797703680278
-12.253530761715993 -9.974516723715487
-12.983376779490639 -9.003995080062145
-13.646496567460744 -7.963236241270388
-14.234948362479535 -6.856110057280383
-14.740882250693836 -5.687388721652444
-15.156636849541279 -4.462774855527379
-15.47484368086401 -3.1889203584948937
-15.688538574815347 -1.8734346496557754
-15.791279239403977 -0.524880922847296
-15.777267913072857 0.8472409333369729
-15.641477790234934 2.232526044100575
-15.379781675413 3.619712090295379
-14.989081084470753 4.9967437640088255
-14.467433775970044 6.350855055653619
-13.814177467244855 7.668670087014082
-13.030047274317193 8.936322959084407
-12.117284218923142 10.13959679463815
-11.079731976871555 11.264081823241963
-9.92291890743121 12.295351981807768
-8.654122311541657 13.219159088870853
-7.282411825686741 14.021643199036907
-5.8186688766667904 14.689557260302614
-4.275579208507068 15.210503687642369
-2.6675956541826906 15.573179939427451
-1.010868568937048 15.767629648629345
0.6768583250817423 15.785495329819955
2.3763885064372343 15.620268168839901
4.067250934090405 15.267529919379255
5.7279167169586795 14.725181495777406
7.336054131967597 13.993652481494644
8.868821136725805 13.076085486290062
10.303193624084942 11.97848910107679
11.61632669084208 10.709853136790901
12.785945155624983 9.282219911063843
13.790758479219106 7.710705581712114
14.610894135810925 6.013465935059907
15.228342381257487 4.211601633487798
15.627404293699586 2.328998720751001
15.795133955212904 0.392101181942069
15.721764736374485 -1.5703864410048174
15.401108876630216 -3.5278669717241287
14.830918961865963 -5.448288056496705
14.01319952692822 -7.298646382617717
12.954456894857264 -9.045553966412731
11.665875544313637 -10.655859786267133
10.163409806827545 -12.097317929957933
8.467780565906628 -13.33929129630409
6.604367883872144 -14.353477796495111
4.602992134359549 -15.114644005434734
2.497578273312098 -15.601349389353453
0.32570033173402374 -15.796642658929409
-1.8719939612650383 -15.688710546408435
-4.0524753520713945 -15.271458460829923
-6.1711355073464595 -14.545002115846108
-8.18268953213126 -13.516049423583416
-10.04216455563953 -12.198152771524757
-11.705956536687308 -10.611813302220677
-13.132933679633009 -8.784421037630258
-14.285561301246918 -6.750017652444804
-15.131019789110772 -4.548872403303731
-15.642284590340028 -2.226866137604803
-15.799135116078862 0.16531661708299678
-15.58905819092023 2.5731818280298313
-15.008011358127153 4.939594626518093
-14.061012098335338 7.206104271412347
-12.762520937730631 9.314400641693874
-11.136589590296671 11.207870997530971
-9.216749741854532 12.833219556916513
-7.04562384423526 14.14210679656831
-4.674246301820244 15.09276056624234
-2.1610916033625567 15.651507374111794
0.4291848729002586 15.79416982132564
3.027277683427141 15.507275383748881
5.561007579420162 14.789022777101653
7.957306309270851 13.649955175766635
10.144362537966852 12.113294708637067
12.05387150752215 10.21489998385426
13.623322136816181 8.002817876006818
14.798247817560258 5.5364123338199
15.534361663353016 2.885066327166178
15.799493848205545 0.1264679426381229
15.575248324669158 -2.655492350749787
14.858298970264947 -5.37316961487572
13.66125131701912 -7.937897231209497
12.013005605190745 -10.262928253167116
9.958569970656333 -12.266494370419853
7.558288979577789 -13.87487901573174
4.886472156169195 -15.025391504615882
2.029429132917611 -15.669123057608084
-0.9170580587908306 -15.773363766705147
-3.8507700545603143 -15.323562574900839
-6.666511949341059 -14.324720535818244
-9.259896992768567 -12.80212121811521
-11.531325265364872 -10.801321105511018
-13.390011612825422 -8.387346958866095
-14.757902805992885 -5.643075825192092
-15.573315199676236 -2.6668058968611006
-15.794122076051814 0.4309383329117694
-15.40032517211926 3.5312865351016045
-14.395858137774658 6.511472066826913
-12.809491062283639 9.249699385670626
-10.694734580716839 11.63024729952117
-8.128678856073945 13.54860066777438
-5.209745922719071 14.91638519952847
-2.054382033583457 15.66587100866369
1.207232074460505 15.75381194245995
4.436322913950459 15.164400383897748
7.491337342919751 13.911141750933892
10.23420015929712 12.037489235693746
12.536750208133405 9.616126778431482
14.287059717813499 6.746845531033814
15.395324597071506 3.553024141601783
15.799010857440198 0.17679345713794814
15.466955727692037 -3.2269614992457707
14.40215224630577 -6.49753881667741
12.642993168944816 -9.476007794953247
10.262812990971163 -12.0131040748157
7.3676438509886095 -13.977046329070735
4.092189146736843 -15.26086458846055
0.594114015620606 -15.788826065811326
-2.953150257260683 -15.521562535970443
-6.368795646229049 -14.459545014161888
-9.473841572392917 -12.64461647742626
-12.100702272473733 -10.159380124444064
-14.102612950562287 -7.124346143095019
-15.362382214284704 -3.6928596916521266
-15.799938842572269 -0.0439610165504867
-15.378172722798526 3.6265415629460818
-14.106633768949987 7.11638136335595
-12.04274782358864 10.228011774409095
-9.290331935080248 12.780052133541087
-5.995337883642571 14.61834202845727
-2.3389153197463655 15.625923176793613
1.4719444420209482 15.731286646667003
5.215756217658374 14.91428466531191
8.669299797198539 13.209210461882021
11.621081560390026 10.704693520449942
13.884698436305529 7.540235363226724
15.31125638696657 3.8994137831955507
15.8 -1.190016973851016e-11
15.306370159083578 -3.918549802301327
13.846823858197133 -7.6095643134191775
11.499920909715238 -10.834750531059505
8.403399397704481 -13.379943144971133
4.747214127398679 -15.069968746770062
0.7627853453549157 -15.781576553592858
-3.2910188754038634 -15.453452519153625
-7.144383361837912 -14.092472685057567
-10.534522918635458 -11.775560575902292
-13.223960938644177 -8.646783048811452
-15.017838993037246 -4.909634607504921
-15.778976428958131 -0.8148023406837857
-15.439481654271676 3.355950870827582
-14.007893911795415 7.3088239926738545
-11.57110023917839 10.758700630414706
-8.290613916944269 13.450119734789356
-4.393197910556995 15.176950026888724
-0.15624334347868538 15.799227450024846
4.1112620255050825 15.255737430804183
8.090950540433234 13.57116499613291
11.478930816356012 10.85698610634242
14.009516412146581 7.305713510520079
15.476964443785443 3.1786115846075274
15.75340898937444 -1.2124789538365603
14.801371830264985 -5.528054987266153
12.679576342831451 -9.427000783192344
9.541261846507021 -12.593820801344975
5.624765708436287 -14.764891151823615
1.2367683324344263 -15.751520691409047
-3.270767286232846 -15.457751497527351
-7.528338493705143 -13.891152562843638
-11.179214075444662 -11.165355912615594
-13.909858079969302 -7.4937205842700605
-15.477861296436295 -3.17424159261381
-15.734844672233075 1.4334096206940992
-14.642097331254417 5.937085626978296
-12.277229274658373 9.94533264086584
-8.830824457285829 13.101776192738237
-4.592922982110184 15.117706786427766
0.06992602822826664 15.799845263501041
4.745396438277125 15.070541219332064
9.011449786707537 12.978203756361998
12.474650838832979 9.696550234449555
14.807273295213879 5.512228003343652
15.779660937909751 0.8014366379228962
15.284569181119846 -4.002742178502319
13.350803753503994 -8.44961769167243
10.144362537948606 -12.113294708652347
5.956406582146385 -14.634248208506076
1.1786417729252783 -15.75597675712666
-3.732032655432339 -15.352912826522097
-8.296586007772659 -13.446436725602474
-12.060673158398798 -10.20686842113088
-14.640664709703636 -5.940617548541449
-15.764191439647353 -1.063140749924075
-15.300822965870955 3.9401543836601123
-13.279293889598026 8.561562578973803
-9.888907082808513 12.322723591299923
-5.46428259862529 14.825033412520892
-0.4543389591814066 15.793466247476202
4.621881838381387 15.108878458444236
9.228390122002253 12.82485149060726
12.869086785161306 9.166602713982247
15.142258106709496 4.51132125100736
15.786677186030753 -0.648709044222549
14.713887182277332 -5.756867549910702
12.022509418870587 -10.251793368633999
7.9922282685588595 -13.629537310681117
3.0572833368508388 -15.501387634602724
-2.2383785617029095 -15.640641336419325
-7.299933185758497 -14.01252923220722
-11.548306474813634 -10.783163615738081
-14.487209524017253 -6.305613388658059
-15.762784866281788 -1.0837957645783285
-15.20856240667091 4.282479366254593
-12.869815458837715 9.165579635541976
-9.003585801260174 12.98366060552055
-4.053396323263862 15.271214039707225
1.3993097995294717 15.73791384157827
6.702028315945292 14.308138119694943
11.208893624728368 11.135560323105603
14.360069559918097 6.590022931243388
15.75304266727219 1.2172291169298806
15.196588212816298 -4.3247782243824675
12.739938035196735 -9.345265050245905
8.67248598580945 -13.20711879351203
3.4929225732382627 -15.40907174028866
-2.149421015112899 -15.653114364234073
-7.534506512849234 -13.887808020268443
-11.963210397138374 -10.320930045000805
-14.849071488812413 -5.398617963899497
-15.798061164429763 0.247514534797734
-14.665322363161918 5.879482969151537
-11.580415392263237 10.748673375939596
-6.9364813766473965 14.195958090647629
-1.3434332531673363 15.742782063354758
4.449789529636381 15.160454252493176
9.654382843702372 12.507313536776206
13.54934706827297 8.127434652058586
15.582998791267716 2.6096261554768603
15.453880908763319 -3.2890066673329614
13.158906575011102 -8.745466125377744
9.000702697324126 -12.985659434714213
3.5516103719832333 -15.395650806822722
-2.4220658264835366 -15.61325069074921
-8.066049029575032 -13.585980018110277
-12.559989326965159 -9.58575339274495
-15.237988313823235 -4.176567029006775
-15.689931073509316 1.8617365303734286
-13.827903380842177 7.643892208168135
-9.906529803440446 12.308560730383801
-4.492535248700008 15.147842322891664
1.6136712896698442 15.71738098313123
7.4941590603189185 13.909621848872812
12.25093280050837 9.97770742793294
15.144259994175739 4.504596455711468
15.710458786665749 -1.6797275709105306
13.840059910511021 -7.621859462983144
9.80269857673846 -12.391412373640456
4.212958331258444 -15.227967103296491
-2.0594492729577243 -15.665205670278125
-8.0227326632985 -13.611603895692944
-12.719387705064337 -9.37321590534744
-15.381387595052557 -3.6128819037941704
-15.558897953592867 2.749671702164407
-13.200541708624337 8.682493800681305
-8.670349857977875 13.208521239724872
-2.6964492780620186 15.568209957822347
3.7422586735686463 15.350423447582813
9.574508201869348 12.56856366862724
13.814955190084202 7.66726894636973
15.732749526083749 1.4562253773065568
14.981296670521822 -5.020034867390049
11.665641877620782 -10.656115595426895
6.33377764661365 -14.474918332179193
-0.10912219508383013 -15.799623171029749
-6.551087221938501 -14.377873841794345
-11.864039690506697 -10.434776577487503
-15.102395811659477 -4.643020649100137
-15.67452654974216 1.9872638077085247
-13.455537132509471 8.28181866957124
-8.819184542601665 13.109614182100703
-2.580553024071275 15.587839686433673
4.142952257712339 15.247161919200446
10.129478896479965 12.12574357661282
14.274941259029982 6.7724480102281746
15.799232367426026 0.15574530515503165
14.39755335547227 -6.507722902546573
10.306805100065258 -11.97538177384207
4.271868213704391 -15.211546337067185
-2.5849967804651044 -15.587103375707272
-8.969814978872275 -13.007014232513107
-13.66062023749814 -7.9389832300399945
-15.743525375089986 -1.3346942585842643
-14.795225484529983 5.5444840032156755
-10.974767615179262 11.366374786747643
-5.003830982319277 14.986716635086609
1.9640377238800395 15.677453741573474
8.562781982140393 13.278507624214852
13.480877702036503 8.240505832941025
15.724122977968154 1.5465951550855024
14.821217699511664 -5.474623813896459
10.928845355077543 -11.410536324152341
4.811862016934812 -15.04945128335183
-2.3011287162873013 -15.631532446662995
-8.96089907301521 -13.013158256289483
-13.792174396794792 -7.708172637428292
-15.780047934482438 -0.7937803130819915
-14.488211891377837 6.303309939273007
-10.161187838903476 12.099184340380972
-3.685552903612438 15.364136806038728
3.585785973591321 15.38772689358619
10.11284966889032 12.139615791878464
14.494580339522528 6.288651745893317
15.772720151316808 -0.9280619743555613
13.647129575060077 -7.962151365147524
8.553097502343823 -13.284747762580961
1.5797166704440087 -15.72082997939744
-5.757331372169776 -14.713705701522976
-11.842561550175555 -10.459146042115657
-15.317298650157829 -3.8756111855903685
-15.38732870617751 3.587494291012267
-12.011120510550441 10.265134391766846
-5.9227337125371475 14.647908566425993
1.5204938732870827 15.726668381488066
8.635741921385044 13.231173850691894
13.7938855735178 7.705110043646197
15.795047587408332 0.39556505344408693
14.153512242293347 -7.0226840458084405
9.223186326978182 -12.82859438823454
2.129810071176454 -15.655794743822984
-5.479559847828141 -14.81939350560844
-11.815744137732443 -10.489432323612249
-15.368917652255126 -3.665565467728114
-15.273040303187582 4.04650959435509
-11.524335173528897 10.80877878431068
-4.997175211075291 14.988937250846528
2.752038759185862 15.558479445882195
9.851129170746802 12.35294515738095
14.563670061668976 6.126949839426366
15.71723273321863 -1.615114611982959
13.002033101770362 -8.977033765140229
7.062404908809788 -14.13373400428986
-0.6473025843282041 -15.786734917782146
-8.21268026875643 -13.497847339601186
-13.732562266326752 -7.813880828465367
-15.799332606961139 -0.14522112316934976
-13.864413031613662 7.577469979407463
-8.392576822992003 13.386734264568693
-0.7598868840936355 15.781716380780084
7.085254440167296 14.122293351934369
13.11646394002013 8.808993910211969
15.754650322843478 1.196241282069777
14.2877254684611 -6.74543556324483
9.071760397547491 -12.936118555791339
1.4547806307542959 -15.732883185112073
-6.5638544446355205 -14.372049778289753
-12.854672700353879 -9.186805199130799
-15.725149703791123 -1.5361206962208567
-14.381364640359886 6.543420442017034
-9.156845985586738 12.876030894504876
-1.4405048587872369 15.734196698650058
6.684451845645916 14.316357900082023
12.999177867453836 8.981167784330628
15.75679519122691 1.167649477252748
14.172288621630843 -6.984714398255163
8.655680468247601 -13.218138886832632
0.716925670836245 -15.783726352876752
-7.439156185568341 -13.93911601381954
-13.521754710763682 -8.173258196211608
-15.799755611496025 -0.08787842169668314
-13.601796260528237 8.039349382075647
-7.524378026782839 13.893298215689018
0.7189158635782762 15.783635828955747
8.772663375162367 13.140790589081194
14.309983921092615 6.698086307153025
15.708207052959349 -1.7006561032020167
12.53284791878743 -9.621212140086383
5.683327534538087 -14.742448512209947
-2.8508010988538968 -15.540686377852603
-10.56064329295053 -11.752140793874919
-15.154310418242783 -4.470668378166542
-15.24326550883874 4.157265522798283
-10.771841248792157 11.558868288496926
-3.05443629646361 15.501948874604304
5.600392711799068 14.774153155887747
12.574873043122441 9.566220149534118
15.734675598844149 1.435264365592116
14.089210435600291 -7.150814590056985
8.113334949204688 -13.557794658498622
-0.37701159595252465 -15.795501329698824
-8.767367439975947 -13.144324561286883
-14.446499635045406 -6.398331680573693
-15.622718931687515 2.3602231211248963
-11.89864236092564 10.395302302808995
-4.417322406311324 15.169946036776135
4.476712220093542 15.152526116079297
11.965105740022913 10.318732704652772
15.648647287547714 2.181705312347565
14.322883432308767 -6.670458019093968
8.383657821175534 -13.392321738124512
-0.27733028573527907 -15.797565885686756
-8.864913643428716 -13.078734881270107
-14.578825032193675 -6.090801316795931
-15.530735240544429 2.904524554571948
-11.378597058697409 10.962095099742692
-3.462122853466074 15.41602106081553
5.6170748529900605 14.767818731820439
12.843557543896312 9.202338268974042
15.7904142080692 0.5502900486164848
13.442648664433 -8.302722257465783
6.559717554125847 -14.373938416804672
-2.556108337080692 -15.591866795515749
-10.82028823221939 -11.513529544483507
-15.407706133748661 -3.498941510806356
-14.72463974745632 5.729309234770756
-8.974734810349794 13.003620076113256
-0.11414625895679743 15.799587672833939
8.802323011047308 13.120941643387757
14.669846867692083 5.8681848026851355
15.418820456794233 -3.4496341430858624
10.756210474898035 -11.573415062966237
2.293801255031496 -15.632609372795573
-6.995726102166418 -14.166856260422335
-13.816363129653237 -7.664731558871367
-15.720454968623446 1.583444214199658
-11.99743428037064 10.281126917229813
-3.953511795294988 15.29737704590115
5.532132413048604 14.799848342618146
13.029532802367155 8.93707306404274
15.798877746094384 -0.18831347260258263
12.801245463100383 -9.26110763318578
5.1030976497926686 -14.95320682585112
-4.4877182097804065 -15.149270123329552
-12.43646486905676 -9.745478005758212
-15.783792121701225 -0.7154762462320744
-13.256434745857183 8.596914436519098
-5.76644573939299 14.710136081445219
3.901785082965171 15.310652277625225
12.11608892327379 10.141025056833369
15.759893613687016 1.125057014229623
13.423357869237424 -8.333874459960489
5.964027823225353 -14.631143910296073
-3.791177427678739 -15.338414967390184
-12.106270253032527 -10.152744484155
-15.765616651838215 -1.0417924876296796
-13.326358262413239 8.488119665851231
-5.7029225421424234 14.734879520319256
4.158665296255723 15.24288368235218
12.40812176632308 9.78153946125555
15.79314798754539 0.4652705057179825
12.9511334034857 -9.050311793806717
4.973872259801024 -14.996686125380565
-4.994545413549777 -14.989813745073317
-12.986140514090344 -9.00000858601265
-15.788394472347983 0.6054750081808691
-12.246254450470015 9.98344889977123
-3.755175676764685 15.34726867024341
6.271343491959172 14.502077465172405
13.76412893632029 7.758141183579386
15.651172485122636 -2.16351562068319
11.129305857568998 -11.21510370565874
2.0236734058483745 -15.669867451464356
-7.932035738258074 -13.664655467555585
-14.618185871837046 -5.995718623853508
-15.23746156185669 4.1784883810942794
-9.499264170136835 12.625528908760796
0.22670570118741268 15.798373477198503
9.87305632510692 12.335426980906103
15.369590611728103 3.6627427466148035
14.367070591355656 -6.574745821931328
7.257455074072722 -14.034576796177934
-2.9588514461808826 -15.520476736216363
-11.92487747570258 -10.365196437573253
-15.782242668207358 -0.7488767333914988
-12.841261668257324 9.20554174219775
-4.33925224745963 15.192461615318189
6.060475466710673 14.591457676236399
13.835335340925555 7.630432229181806
15.571256389135158 -2.6788009376990916
10.475221914164152 -11.82834417190399
0.7569883972788136 -15.781855675629062
-9.310989216044247 -12.76500998114407
-15.263973046041594 -4.080579229682441
-14.430670371989242 6.4339531094803535
-7.148864218993987 14.090200153950528
3.3493269275356417 15.440919957453465
12.356684287367043 9.846438616186893
15.798704262946053 -0.2023452790904033
12.087742619732758 -10.174796231821857
2.8751226241721315 -15.536205131755102
-7.663311148385898 -13.817151017594924
-14.709037212671186 -5.769248155197889
-15.007388396484982 4.94148697428699
-8.38714514129985 13.390138026875238
2.123286542309508 15.656680818719126
11.66377214543882 10.658162099503155
15.785051318852082 0.6871352568498574
12.533797338226792 -9.619975274617861
3.3986632464462163 -15.430135713507374
-7.349668313598068 -13.986506914883806
-14.642845832623719 -5.93523933148565
-15.007686376338622 4.9405819120281915
-8.236791668161914 13.483147370525124
2.474053609114776 15.605097203773713
12.01615589477027 10.259239616685912
15.799983700390973 -0.022695095937587863
11.973757120677762 -10.308692468738148
2.351122429383396 -15.624091119871592
-8.426383689694015 -13.365480085431225
-15.11675587890135 -4.596051750981648
-14.431834176509948 6.431342185090093
-6.671930425873047 14.322197610433584
4.380424015025963 15.180641799627043
13.287103554502815 8.549437357622939
15.62814409414821 -2.324029296833509
10.209364364524243 -12.05856041459272
-0.3053912683857709 -15.797048337369667
-10.682358590859911 -11.641615649740436
-15.714685425798637 -1.6397139897530786
-12.844036885738094 9.201669222363915
-3.4829110726749724 15.411337724540271
7.65607578170278 13.821161442687231
14.918775685268006 5.202896506048933
14.582945716960973 -6.080928729739368
6.784908660916128 -14.269022897978171
-4.506983358356429 -15.143549815267825
-13.49335395495641 -8.220060769012735
-15.5202049590774 2.9602766810265067
-9.50459319384908 12.621517667041381
1.462198273046733 15.73219553051319
11.681169570313354 10.639091947604614
15.799972064064818 -0.029711525900417
11.627711129054351 -10.69749194434217
1.3243148666111586 -15.744401866507115
-9.69297630173214 -12.477428036821495
-15.586156325536162 -2.590700869639165
-13.19735156013836 8.687342044498628
-3.763505077671566 15.345228233243725
7.697565265083243 13.798097295996431
15.04056841329852 4.839555951209461
14.291236798875163 -6.73799308091634
5.817984408632533 -14.689828365944535
-5.820521062973785 -14.688823457155396
-14.309194280411184 -6.699773059249688
-15.00299366212567 4.954813939414582
-7.4873330744200945 13.91329736017652
4.148552573322043 15.245639099309123
13.515185729376313 8.184115999939324
15.428144029215698 -3.4076930339712215
8.794264744196262 -13.126344030574037
-2.73672626147551 -15.561180204912167
-12.756748007500544 -9.32230552348135
-15.65455146552915 2.1389292679046643
-9.772880671653285 12.414942745644286
1.6166009651993012 15.717079923424603
12.108134704439877 10.150520872306933
15.756525915961628 -1.1712775331362009
10.459454484250529 -11.842289132253594
-0.8039237350845025 -15.779534423682081
-11.622225850348148 -10.703451138931747
-15.791601384550283 0.5150977688455276
-10.885696625806972 11.451707687978011
0.3050881310307888 15.797054194763788
11.333517030052926 11.008696186629018
15.799041631658744 -0.174021611053934
11.074203655930651 -11.269516998832392
-0.12194195566248715 -15.79952942841809
-11.260694741454973 -11.083174362057484
-15.799298750195746 0.1488590006118473
-11.035740296201464 11.307185154351867
0.2547681982335698 15.797945852710372
11.4082741687895 10.931206726145573
15.793882239944901 -0.43964052446633767
10.768070140421278 -11.562381478353313
-0.703382772997921 -15.784335674162843
-11.767023340632353 -10.544058122991045
-15.765353427560518 1.0457682841365419
-10.256192444289892 12.018756863573326
1.4663382584922602 15.731810198183867
12.31310802220454 9.900877275955004
15.677424137481836 -1.964274016908516
9.474014955221982 -12.644486570368535
-2.5382409341662466 -15.594785441298093
-13.00609203569427 -8.971152097643316
-15.475402919992987 3.186205339251143
-8.387659034958405 13.38981612694068
3.9052264812573467 15.30977485563019
13.786148142795678 7.718945483995287
15.087491230599827 -4.691226744314681
6.960714972255314 -14.18409133765786
-5.538744686960752 -14.79737501358481
-14.571099642714582 -6.109259791667317
-14.427670540197997 6.4406771991385225
-5.161797057094617 14.933045608360317
7.3880191157533766 13.96628703504488
15.254231850195302 4.11684474573516
13.401104881794634 -8.369610979438656
2.974634329824026 -15.517459540911728
-9.371908258636408 -12.720351236962864
-15.704168458834017 -1.7375537449422576
-11.913049871540869 10.378788116065389
-0.4106109405751631 15.794663613242292
11.371412659913853 10.969547580367706
15.768443318291055 -0.9980958460199056
9.882115998519437 -12.32817031808882
-2.476919603430376 -15.604642555282783
-13.224719321414488 -8.645623104774252
-15.282603301406331 4.0102414306179055
-7.258263011153258 14.034158972340467
5.578111667295568 14.782579958423396
14.727355060795734 5.722325830748743
14.086582844370776 -7.155989363371006
4.044981563333344 -15.273445064958112
-8.714618932501295 -13.179355707366351
-15.640546199509508 -2.2390432289280784
-12.049474241637741 10.220086619012024
-0.32366523963087906 15.796684487975782
11.634101615750824 10.69054159499808
15.710955395722621 -1.6750762829239467
9.102443965174723 -12.914546599120477
-3.723783193747711 -15.35491578374698
-14.016339321272639 -7.292614896657197
-14.704192766746818 5.781584132255672
-5.277241360293048 14.89263991457567
7.800306199532097 13.74027740598934
15.496426948360376 3.082328962672601
12.452450228839735 -9.725044128345603
0.7445288490712825 -15.782448377640922
-11.495197358029724 -10.839761883913617
-15.70953090445545 1.6883834759790712
-8.91296678849638 13.046034762607393
4.157495271358899 15.243202848109986
14.310828380967546 6.6962818825445085
14.358551791067391 -6.593329239711561
4.228818602324245 -15.22357031805077
-8.917114561819957 -13.043200063304191
-15.72225041254782 -1.5655165170447252
-11.300240346034018 11.04285144887248
1.2226051654089094 15.752626340058837
12.880233908677786 9.150932982912014
15.272363474942173 -4.0490633348037814
6.63692957303103 -14.338450608159382
-6.813565806104856 -14.255361132075143
-15.330823899917913 -3.8217585676891996
-12.696018145019105 9.40484573299029
-0.791293135241816 15.780172849944298
11.704763713841805 10.61312896384154
15.624699672882652 -2.3470748032861652
8.053047901691125 -13.593690429499569
-5.466802007349178 -14.824104553477861
-14.957084356806986 -5.0917214715025185
-13.36553785669773 8.426292055298102
-1.8351755317688976 15.693059955521637
11.074821335747384 11.268909990823184
15.720606823695958 -1.58193586935884
8.591008656410207 -13.260262827918796
-5.000051142370559 -14.987978134947987
-14.838417127158145 -5.4278335604972145
-13.480629291242488 8.240912201455311
-1.9145634004737584 15.683572519855492
11.116324672389128 11.227970688331563
15.699712200460183 -1.7773679480405005
8.308120164266814 -13.439313201801019
-5.446478748212501 -14.831583504308284
-15.037261581555518 -4.849821040809083
-13.074663172140168 8.870917818077316
-1.030750320744118 15.766342434955734
11.821521819255732 10.482920484142799
15.526250230896608 -2.9284046454653545
7.173225595517011 -14.077813557361088
-6.774463050003075 -14.273985091212023
-15.44611160112744 -3.3253024532388595
-12.035230657639103 10.236856110028308
0.8236907326890237 15.778514935724536
13.046853186451989 8.911768731916668
14.991148123007125 -4.990538844058821
5.083418038731235 -14.95990845705621
-8.863407739171 -13.07975547360132
-15.779570758182615 -0.8032102386723561
-10.130575871210757 12.124827112897012
3.615053165382974 15.38087743308081
14.478986762527844 6.324471703671658
13.730741305552097 -7.817080222180493
1.932575894991387 -15.681363155354138
-11.435596365456576 -10.90262059169062
-15.567991880723511 2.697708064584984
-7.082815599343017 14.123516672051023
7.166664201528229 14.081154932125909
15.590220432597022 2.566130718228195
11.287973653418115 -11.055390124266918
-2.2605851980009946 -15.637447188162742
-13.966033764414272 -7.388497877866688
-14.190639442566647 6.947355771160116
-2.7104460351066297 15.56577920602675
11.02131823062393 11.321243061577498
15.630050026670427 -2.311176359298394
7.255685371611949 -14.035491790036298
-7.16979059363871 -14.079563304427092
-15.621604343860279 -2.367589010763001
-11.005573494063214 11.336549389773468
2.8487135482364105 15.541069175577796
14.31933399239341 6.678074124647509
13.727268554830612 -7.823176977645253
1.532995568896993 -15.725454670239019
-11.970789346646264 -10.31213859576278
-15.320374791546769 3.8634332201473827
-5.630876918618101 14.762561604524262
8.872118428623727 13.073848499522825
15.798727451934981 0.20052655553825297
9.185025700004228 -12.855944262879401
-5.328811033254988 -14.874265459909605
-15.26424145228517 -4.079575086493582
-12.026133977411979 10.2475412444809
1.6252174857707684 15.71619127282259
13.878078785063428 7.552412146829144
14.070659029336658 -7.187249437729761
1.9960934654226916 -15.67340457199063
-11.833152629600974 -10.46978981854782
-15.308698422370426 3.909444028620085
-5.345606688056408 14.868237593494618
9.330608535058207 12.750676231694497
15.78794709507144 -0.6170304070508137
8.290208468200515 -13.450369643759853
-6.561648028884156 -14.373057265072058
-15.596538535758459 -2.527446478681889
-10.750530411400108 11.578691457740872
3.6950282694991707 15.361860762537916
14.846835544554672 5.404764038600386
12.694290634589153 -9.407177328220307
-0.8698375478561984 -15.776038242865019
-13.661490593487773 -7.937485418194173
-14.127446284061993 7.074974310267357
-1.8072968515881374 15.696295043424724
12.162441135678078 10.08538673632131
15.084633594710844 -4.700407356104473
4.261609582990573 -15.214423543537984
-10.462992241001606 -11.839163541599557
-15.619978193922194 2.3782937626364036
-6.447261755646564 14.424729316495933
